      0.001000000000       0.001330013541
      0.001330013541       0.001768936020
      0.001768936020       0.002352708861
      0.002352708861       0.003129134645
      0.003129134645       0.004161791450
      0.004161791450       0.005535238986
      0.005535238986       0.007361942806
      0.007361942806       0.009791483624
      0.009791483624       0.013022805810
      0.013022805810       0.017320508076
      0.017320508076       0.023036510286
      0.023036510286       0.030638870628
      0.030638870628       0.040750112830
      0.040750112830       0.054198201881
      0.054198201881       0.072084342424
      0.072084342424       0.095873151551
      0.095873151551       0.127512589826
      0.127512589826       0.169593471176
      0.169593471176       0.225561613207
      0.225561613207       0.300000000000
